# MAUVE passband
# Derived from the MAUVE effective-area curve (Wavelength [nm], Effective area [cm2])
#   supplied by the user; normalised to unit peak. Only the spectral shape enters the
#   flux ratio, so the absolute collecting area cancels.
# Created: 2026-07-28
# provenance: official
# unit: nm
# transmission: fraction
181.8021 0.205304
182.1016 0.205915
182.4011 0.206527
182.7006 0.207138
183.0000 0.207750
183.2995 0.208361
183.5989 0.208973
183.8983 0.209584
184.1977 0.210195
184.4970 0.210807
184.7964 0.211418
185.0958 0.212010
185.3951 0.212560
185.6944 0.213109
185.9937 0.213659
186.2930 0.214209
186.5922 0.214759
186.8915 0.215309
187.1907 0.215859
187.4900 0.216408
187.7892 0.216958
188.0884 0.217508
188.3875 0.218058
188.6867 0.218607
188.9858 0.219157
189.2850 0.219706
189.5841 0.220256
189.8832 0.220806
190.1823 0.221424
190.4813 0.222101
190.7804 0.222779
191.0794 0.223457
191.3785 0.224137
191.6775 0.224818
191.9765 0.225500
192.2754 0.226183
192.5744 0.226867
192.8733 0.227552
193.1723 0.228238
193.4712 0.228925
193.7701 0.229613
194.0690 0.230301
194.3678 0.230987
194.6667 0.231675
194.9655 0.232363
195.2644 0.233012
195.5632 0.233657
195.8620 0.234303
196.1607 0.234946
196.4595 0.235587
196.7583 0.236229
197.0570 0.236871
197.3557 0.237514
197.6544 0.238159
197.9531 0.238804
198.2518 0.239450
198.5504 0.240098
198.8491 0.240747
199.1477 0.241287
199.4463 0.241714
199.7449 0.232015
200.0435 0.227182
200.3420 0.222524
200.6406 0.217838
200.9391 0.220617
201.2376 0.225235
201.5361 0.229876
201.8346 0.234541
202.1331 0.239227
202.4315 0.243934
202.7299 0.248665
203.0284 0.253084
203.3268 0.252981
203.6252 0.252875
203.9235 0.252766
204.2219 0.245620
204.5202 0.246500
204.8186 0.247382
205.1169 0.248484
205.4152 0.249704
205.7135 0.250930
206.0117 0.252159
206.3100 0.253380
206.6082 0.254605
206.9064 0.255835
207.2046 0.257070
207.5028 0.258309
207.8010 0.259554
208.0991 0.260796
208.3973 0.262031
208.6954 0.263270
208.9935 0.264514
209.2916 0.262877
209.5897 0.264100
209.8877 0.268211
210.1858 0.273036
210.4838 0.277895
210.7818 0.282791
211.0798 0.287390
211.3778 0.290536
211.6758 0.293703
211.9737 0.296891
212.2717 0.300087
212.5696 0.304340
212.8675 0.309448
213.1654 0.314566
213.4632 0.316357
213.7611 0.320620
214.0589 0.323143
214.3567 0.325561
214.6546 0.328029
214.9523 0.330503
215.2501 0.332983
215.5479 0.335470
215.8456 0.337962
216.1434 0.334612
216.4411 0.336408
216.7388 0.339455
217.0364 0.343232
217.3341 0.347103
217.6318 0.350973
217.9294 0.354757
218.2270 0.349676
218.5246 0.352184
218.8222 0.354699
219.1198 0.357221
219.4173 0.359750
219.7149 0.362286
220.0124 0.364829
220.3099 0.367342
220.6074 0.369862
220.9048 0.374691
221.2023 0.380407
221.4997 0.385309
221.7972 0.389241
222.0946 0.393192
222.3920 0.397143
222.6893 0.401035
222.9867 0.406177
223.2840 0.411676
223.5814 0.416210
223.8787 0.419828
224.1760 0.423440
224.4733 0.427053
224.7705 0.430686
225.0678 0.434339
225.3650 0.435498
225.6622 0.439946
225.9594 0.444425
226.2566 0.449383
226.5538 0.455899
226.8509 0.462468
227.1481 0.467204
227.4452 0.471818
227.7423 0.475998
228.0394 0.479348
228.3364 0.482612
228.6335 0.485859
228.9305 0.489118
229.2276 0.492388
229.5246 0.495671
229.8215 0.498966
230.1185 0.502256
230.4155 0.505528
230.7124 0.508811
231.0093 0.512102
231.3062 0.514702
231.6031 0.517311
231.9000 0.516685
232.1969 0.519053
232.4937 0.521411
232.7905 0.523774
233.0874 0.526143
233.3841 0.528519
233.6809 0.530900
233.9777 0.533288
234.2744 0.535625
234.5712 0.537963
234.8679 0.540307
235.1646 0.542656
235.4612 0.545011
235.7579 0.547371
236.0546 0.549739
236.3512 0.552116
236.6478 0.548392
236.9444 0.550203
237.2410 0.552092
237.5375 0.554623
237.8341 0.557156
238.1306 0.559671
238.4271 0.562157
238.7236 0.564314
239.0201 0.565936
239.3166 0.567510
239.6130 0.569083
239.9095 0.570654
240.2059 0.572177
240.5023 0.573676
240.7987 0.575524
241.0950 0.577740
241.3914 0.573736
241.6877 0.575958
241.9840 0.578179
242.2803 0.580364
242.5766 0.582544
242.8729 0.584723
243.1691 0.586901
243.4654 0.589076
243.7616 0.591251
244.0578 0.592878
244.3540 0.594386
244.6501 0.595839
244.9463 0.597275
245.2424 0.598658
245.5386 0.600023
245.8347 0.595736
246.1307 0.597768
246.4268 0.599778
246.7229 0.601785
247.0189 0.603790
247.3149 0.605792
247.6109 0.607793
247.9069 0.609790
248.2029 0.611766
248.4988 0.613596
248.7948 0.615071
249.0907 0.616538
249.3866 0.617999
249.6825 0.619452
249.9783 0.620898
250.2742 0.622381
250.5700 0.623861
250.8658 0.617850
251.1616 0.620223
251.4574 0.622598
251.7532 0.624803
252.0489 0.626494
252.3447 0.628180
252.6404 0.629867
252.9361 0.624540
253.2318 0.625756
253.5274 0.626969
253.8231 0.628179
254.1187 0.629368
254.4144 0.630526
254.7100 0.631680
255.0055 0.632619
255.3011 0.633334
255.5966 0.625055
255.8922 0.626211
256.1877 0.627837
256.4832 0.629448
256.7787 0.631056
257.0741 0.632661
257.3696 0.617926
257.6650 0.618411
257.9604 0.618892
258.2558 0.619353
258.5512 0.619806
258.8466 0.620255
259.1419 0.620673
259.4373 0.621058
259.7326 0.621439
260.0279 0.610277
260.3231 0.610595
260.6184 0.610909
260.9137 0.611218
261.2089 0.611523
261.5041 0.611824
261.7993 0.612120
262.0945 0.612405
262.3896 0.604002
262.6848 0.604846
262.9799 0.605687
263.2750 0.606578
263.5701 0.607470
263.8652 0.608360
264.1602 0.609244
264.4553 0.601289
264.7503 0.601609
265.0453 0.601925
265.3403 0.602237
265.6353 0.602369
265.9302 0.602376
266.2251 0.602376
266.5201 0.593899
266.8150 0.594030
267.1099 0.594159
267.4047 0.594285
267.6996 0.594408
267.9944 0.594528
268.2892 0.594706
268.5840 0.595100
268.8788 0.595473
269.1736 0.595799
269.4683 0.595254
269.7631 0.597294
270.0578 0.599335
270.3525 0.601305
270.6472 0.603056
270.9418 0.604810
271.2365 0.606566
271.5311 0.608325
271.8257 0.610087
272.1203 0.611829
272.4149 0.613543
272.7094 0.615260
273.0040 0.616979
273.2985 0.618700
273.5930 0.620226
273.8875 0.623196
274.1820 0.626159
274.4764 0.629118
274.7709 0.632083
275.0653 0.635054
275.3597 0.638031
275.6541 0.641014
275.9485 0.643910
276.2428 0.640933
276.5371 0.644680
276.8315 0.648434
277.1258 0.652187
277.4200 0.655937
277.7143 0.659694
278.0086 0.663457
278.3028 0.666309
278.5970 0.669025
278.8912 0.671745
279.1854 0.674470
279.4795 0.677350
279.7737 0.680271
280.0678 0.683195
280.3619 0.686116
280.6560 0.689042
280.9501 0.683064
281.2441 0.686963
281.5382 0.690870
281.8322 0.694784
282.1262 0.698623
282.4202 0.702362
282.7141 0.706106
283.0081 0.709883
283.3020 0.712914
283.5959 0.715822
283.8898 0.718735
284.1837 0.721651
284.4776 0.724571
284.7714 0.727494
285.0653 0.730130
285.3591 0.732116
285.6529 0.734244
285.9466 0.736432
286.2404 0.738615
286.5341 0.740799
286.8279 0.742986
287.1216 0.745176
287.4153 0.739990
287.7089 0.743172
288.0026 0.746360
288.2962 0.749474
288.5898 0.752460
288.8834 0.755450
289.1770 0.758445
289.4706 0.761443
289.7641 0.764229
290.0576 0.766869
290.3512 0.769532
290.6446 0.772199
290.9381 0.774869
291.2316 0.777543
291.5250 0.780220
291.8184 0.782820
292.1118 0.785358
292.4052 0.787882
292.6986 0.790410
292.9920 0.792941
293.2853 0.795475
293.5786 0.798011
293.8719 0.800550
294.1652 0.803099
294.4584 0.805655
294.7517 0.808214
295.0449 0.810777
295.3381 0.813342
295.6313 0.815911
295.9245 0.818366
296.2176 0.820700
296.5108 0.823033
296.8039 0.825313
297.0970 0.827528
297.3901 0.829744
297.6831 0.831961
297.9762 0.834180
298.2692 0.836389
298.5622 0.838599
298.8552 0.840810
299.1482 0.843022
299.4412 0.845235
299.7341 0.847449
300.0270 0.849673
300.3199 0.851980
300.6128 0.854289
300.9057 0.856600
301.1985 0.859262
301.4914 0.863244
301.7842 0.867229
302.0770 0.871221
302.3698 0.875225
302.6625 0.879231
302.9553 0.883241
303.2480 0.887187
303.5407 0.874730
303.8334 0.880118
304.1261 0.885446
304.4187 0.890596
304.7113 0.895746
305.0040 0.900898
305.2966 0.906050
305.5891 0.911204
305.8817 0.916358
306.1742 0.923357
306.4668 0.927574
306.7593 0.931791
307.0518 0.936009
307.3442 0.940227
307.6367 0.944446
307.9291 0.948666
308.2215 0.952890
308.5139 0.950900
308.8063 0.953636
309.0987 0.956373
309.3910 0.959110
309.6834 0.961847
309.9757 0.964584
310.2680 0.967313
310.5602 0.970042
310.8525 0.972063
311.1447 0.972766
311.4369 0.973469
311.7291 0.974172
312.0213 0.974875
312.3135 0.975582
312.6056 0.976154
312.8977 0.976724
313.1899 0.977294
313.4819 0.977863
313.7740 0.978433
314.0661 0.979000
314.3581 0.979560
314.6501 0.980121
314.9421 0.980681
315.2341 0.980548
315.5261 0.980277
315.8180 0.980005
316.1099 0.979743
316.4018 0.979495
316.6937 0.979247
316.9856 0.978999
317.2774 0.978751
317.5693 0.978503
317.8611 0.978254
318.1529 0.978001
318.4447 0.977743
318.7364 0.977484
319.0282 0.977226
319.3199 0.976968
319.6116 0.966908
319.9033 0.965481
320.1949 0.964069
320.4866 0.962666
320.7782 0.961352
321.0698 0.960084
321.3614 0.958815
321.6530 0.957546
321.9446 0.956277
322.2361 0.954996
322.5276 0.941783
322.8191 0.940895
323.1106 0.939802
323.4021 0.937369
323.6935 0.934936
323.9849 0.932503
324.2764 0.910738
324.5677 0.909710
324.8591 0.908662
325.1505 0.907548
325.4418 0.906435
325.7331 0.905321
326.0244 0.904209
326.3157 0.903116
326.6070 0.888151
326.8982 0.886815
327.1894 0.885479
327.4806 0.884144
327.7718 0.882808
328.0630 0.881471
328.3541 0.880126
328.6453 0.878782
328.9364 0.877437
329.2275 0.876093
329.5185 0.874749
329.8096 0.873405
330.1006 0.872061
330.3916 0.870715
330.6826 0.869370
330.9736 0.868025
331.2646 0.866680
331.5555 0.865334
331.8465 0.863989
332.1374 0.862664
332.4282 0.861360
332.7191 0.860057
333.0100 0.858753
333.3008 0.857449
333.5916 0.857284
333.8824 0.858534
334.1732 0.859778
334.4639 0.861019
334.7547 0.862259
335.0454 0.863499
335.3361 0.864740
335.6268 0.865980
335.9174 0.867219
336.2081 0.868478
336.4987 0.869745
336.7893 0.871011
337.0799 0.872278
337.3705 0.873646
337.6610 0.875033
337.9515 0.876420
338.2420 0.870029
338.5325 0.872374
338.8230 0.874692
339.1135 0.877010
339.4039 0.879328
339.6943 0.881646
339.9847 0.883964
340.2751 0.886352
340.5655 0.888747
340.8558 0.891143
341.1461 0.893539
341.4364 0.895785
341.7267 0.897937
342.0170 0.900085
342.3072 0.902197
342.5974 0.904308
342.8876 0.906418
343.1778 0.908528
343.4680 0.910637
343.7582 0.912745
344.0483 0.914856
344.3384 0.916990
344.6285 0.919124
344.9186 0.921256
345.2086 0.923388
345.4987 0.925427
345.7887 0.927305
346.0787 0.929172
346.3687 0.931017
346.6586 0.932861
346.9486 0.934703
347.2385 0.936543
347.5284 0.938381
347.8183 0.939408
348.1081 0.939272
348.3980 0.939164
348.6878 0.939056
348.9776 0.938948
349.2674 0.938839
349.5572 0.938717
349.8469 0.938480
350.1367 0.938244
350.4264 0.938011
350.7161 0.937779
351.0057 0.937545
351.2954 0.937312
351.5850 0.937079
351.8746 0.936845
352.1642 0.935849
352.4538 0.934671
352.7434 0.933502
353.0329 0.932334
353.3224 0.931167
353.6119 0.930000
353.9014 0.928727
354.1909 0.927407
354.4803 0.925824
354.7697 0.924189
355.0591 0.922555
355.3485 0.920923
355.6379 0.919293
355.9272 0.917663
356.2166 0.916053
356.5059 0.914450
356.7952 0.912466
357.0844 0.910414
357.3737 0.908364
357.6629 0.906316
357.9521 0.904134
358.2413 0.901816
358.5305 0.899499
358.8196 0.897184
359.1088 0.887025
359.3979 0.885321
359.6870 0.883619
359.9760 0.881918
360.2651 0.878979
360.5541 0.875851
360.8432 0.872727
361.1322 0.869607
361.4211 0.866492
361.7101 0.863381
361.9990 0.860274
362.2879 0.857121
362.5768 0.845974
362.8657 0.841803
363.1546 0.837640
363.4434 0.833483
363.7323 0.829332
364.0211 0.825193
364.3098 0.821121
364.5986 0.817054
364.8873 0.812994
365.1761 0.808939
365.4648 0.804890
365.7535 0.800848
366.0421 0.796807
366.3308 0.792849
366.6194 0.788918
366.9080 0.784994
367.1966 0.781978
367.4852 0.779082
367.7737 0.776191
368.0622 0.773326
368.3507 0.754153
368.6392 0.752578
368.9277 0.751004
369.2162 0.749431
369.5046 0.747860
369.7930 0.746290
370.0814 0.744702
370.3698 0.743130
370.6581 0.741602
370.9464 0.731427
371.2348 0.731021
371.5230 0.730614
371.8113 0.730207
372.0996 0.729797
372.3878 0.729380
372.6760 0.728962
372.9642 0.728545
373.2524 0.728127
373.5405 0.727710
373.8287 0.727292
374.1168 0.726880
374.4049 0.726527
374.6930 0.726330
374.9810 0.726134
375.2691 0.720520
375.5571 0.722044
375.8451 0.723566
376.1330 0.725094
376.4210 0.726635
376.7089 0.728174
376.9969 0.729713
377.2848 0.731250
377.5726 0.732786
377.8605 0.735181
378.1483 0.738436
378.4361 0.741698
378.7239 0.745055
379.0117 0.748422
379.2995 0.751789
379.5872 0.755154
379.8749 0.750293
380.1626 0.754815
380.4503 0.759339
380.7380 0.763849
381.0256 0.768359
381.3132 0.772867
381.6008 0.777375
381.8884 0.781881
382.1760 0.768046
382.4635 0.773951
382.7510 0.779854
383.0385 0.785756
383.3260 0.791656
383.6135 0.797554
383.9009 0.803451
384.1883 0.809336
384.4757 0.815212
384.7631 0.816787
385.0505 0.821124
385.3378 0.825459
385.6251 0.829793
385.9124 0.834126
386.1997 0.838451
386.4869 0.842772
386.7742 0.847108
387.0614 0.838106
387.3486 0.843228
387.6358 0.848351
387.9229 0.853472
388.2101 0.858637
388.4972 0.863818
388.7843 0.869000
389.0714 0.874181
389.3584 0.879285
389.6455 0.881248
389.9325 0.883212
390.2195 0.885130
390.5065 0.887036
390.7934 0.888943
391.0803 0.890849
391.3673 0.897327
391.6542 0.906427
391.9410 0.915526
392.2279 0.924659
392.5147 0.922923
392.8015 0.925490
393.0883 0.928057
393.3751 0.930624
393.6619 0.933191
393.9486 0.935758
394.2353 0.938381
394.5220 0.940901
394.8087 0.943421
395.0953 0.945855
395.3820 0.948101
395.6686 0.950345
395.9552 0.952587
396.2417 0.954816
396.5283 0.957042
396.8148 0.959266
397.1013 0.961489
397.3878 0.963710
397.6743 0.965929
397.9607 0.968146
398.2472 0.970363
398.5336 0.972578
398.8200 0.974791
399.1063 0.977002
399.3927 0.979086
399.6790 0.981152
399.9653 0.983215
400.2516 0.985251
400.5379 0.986685
400.8241 0.987263
401.1104 0.987840
401.3966 0.988416
401.6827 0.988991
401.9689 0.989566
402.2550 0.990148
402.5412 0.990730
402.8273 0.991311
403.1134 0.991892
403.3994 0.992952
403.6855 0.993932
403.9715 0.994910
404.2575 0.995883
404.5435 0.996853
404.8294 0.997821
405.1154 0.998788
405.4013 0.999752
405.6872 0.999815
405.9730 0.999802
406.2589 0.999827
406.5447 0.999857
406.8306 0.999885
407.1164 0.999913
407.4021 0.999940
407.6879 0.999967
407.9736 0.999992
408.2593 1.000000
408.5450 0.999953
408.8307 0.999906
409.1163 0.999858
409.4020 0.999809
409.6876 0.999759
409.9732 0.999709
410.2587 0.995996
410.5443 0.996016
410.8298 0.996035
411.1153 0.996053
411.4008 0.996071
411.6863 0.996087
411.9717 0.996103
412.2571 0.996117
412.5425 0.996130
412.8279 0.996142
413.1133 0.996153
413.3986 0.988238
413.6839 0.986933
413.9692 0.985629
414.2545 0.984330
414.5398 0.983032
414.8250 0.981735
415.1102 0.980440
415.3954 0.979145
415.6806 0.977850
415.9657 0.976412
416.2509 0.974966
416.5360 0.973521
416.8211 0.972077
417.1061 0.970634
417.3912 0.969192
417.6762 0.967752
417.9612 0.966313
418.2462 0.964875
418.5312 0.963438
418.8161 0.962002
419.1010 0.960568
419.3859 0.959135
419.6708 0.957703
419.9557 0.956272
420.2405 0.945310
420.5253 0.942643
420.8101 0.939978
421.0949 0.937317
421.3797 0.934939
421.6644 0.932729
421.9491 0.930522
422.2338 0.928328
422.5185 0.926136
422.8031 0.923946
423.0878 0.921759
423.3724 0.919574
423.6570 0.917392
423.9415 0.915213
424.2261 0.913039
424.5106 0.910869
424.7951 0.908702
425.0796 0.906538
425.3641 0.904376
425.6485 0.902217
425.9329 0.900061
426.2173 0.897913
426.5017 0.895769
426.7861 0.893628
427.0704 0.891489
427.3547 0.889354
427.6390 0.887220
427.9233 0.885089
428.2075 0.883332
428.4918 0.882529
428.7760 0.881726
429.0602 0.880923
429.3443 0.880121
429.6285 0.879319
429.9126 0.878517
430.1967 0.877710
430.4808 0.876901
430.7648 0.876091
431.0489 0.875282
431.3329 0.874473
431.6169 0.873665
431.9009 0.872856
432.1848 0.872053
432.4688 0.871133
432.7527 0.863950
433.0366 0.863985
433.3204 0.864019
433.6043 0.864052
433.8881 0.864082
434.1719 0.864108
434.4557 0.864130
434.7395 0.864150
435.0232 0.864169
435.3069 0.864185
435.5906 0.864200
435.8743 0.864214
436.1580 0.864242
436.4416 0.864329
436.7252 0.864505
437.0088 0.864680
437.2924 0.864853
437.5759 0.864327
437.8595 0.865313
438.1430 0.866295
438.4265 0.867271
438.7099 0.868244
438.9934 0.869215
439.2768 0.870183
439.5602 0.871147
439.8436 0.872110
440.1269 0.873067
440.4103 0.874021
440.6936 0.874867
440.9769 0.875676
441.2601 0.876480
441.5434 0.877282
441.8266 0.878080
442.1098 0.878882
442.3930 0.879690
442.6762 0.880494
442.9593 0.881295
443.2425 0.882093
443.5256 0.882888
443.8086 0.883679
444.0917 0.884469
444.3747 0.885261
444.6577 0.886025
444.9407 0.886640
445.2237 0.887250
445.5067 0.887857
445.7896 0.888459
446.0725 0.889051
446.3554 0.889621
446.6382 0.890188
446.9211 0.890751
447.2039 0.891309
447.4867 0.891864
447.7695 0.892415
448.0522 0.892966
448.3350 0.893525
448.6177 0.894080
448.9004 0.894631
449.1830 0.891308
449.4657 0.891729
449.7483 0.892146
450.0309 0.892558
450.3135 0.892967
450.5961 0.893373
450.8786 0.893776
451.1611 0.894174
451.4436 0.894569
451.7261 0.895322
452.0085 0.896729
452.2910 0.898123
452.5734 0.899509
452.8558 0.900886
453.1381 0.902254
453.4205 0.903615
453.7028 0.897308
453.9851 0.898757
454.2674 0.900180
454.5496 0.901148
454.8319 0.902104
455.1141 0.903048
455.3963 0.903981
455.6784 0.904903
455.9606 0.898213
456.2427 0.899143
456.5248 0.900063
456.8069 0.900972
457.0890 0.901869
457.3710 0.902755
457.6530 0.903629
457.9350 0.904492
458.2170 0.898675
458.4989 0.899207
458.7809 0.900029
459.0628 0.900845
459.3446 0.901653
459.6265 0.902454
459.9083 0.903248
460.1902 0.904031
460.4720 0.904806
460.7537 0.905573
461.0355 0.901379
461.3172 0.902011
461.5989 0.902433
461.8806 0.902846
462.1623 0.903251
462.4439 0.903649
462.7256 0.904037
463.0072 0.903933
463.2887 0.903866
463.5703 0.904159
463.8518 0.904446
464.1333 0.904791
464.4148 0.905143
464.6963 0.905490
464.9777 0.905831
465.2592 0.897186
465.5406 0.898269
465.8219 0.899345
466.1033 0.900413
466.3846 0.901474
466.6659 0.902527
466.9472 0.903572
467.2285 0.904609
467.5097 0.905638
467.7910 0.901793
468.0722 0.902625
468.3534 0.903462
468.6345 0.904292
468.9157 0.905307
469.1968 0.906421
469.4779 0.907530
469.7589 0.908285
470.0400 0.908002
470.3210 0.907708
470.6020 0.907412
470.8830 0.907113
471.1639 0.906812
471.4449 0.906509
471.7258 0.906204
472.0067 0.899694
472.2876 0.900248
472.5684 0.901232
472.8492 0.902214
473.1300 0.903195
473.4108 0.904173
473.6916 0.905151
473.9723 0.906127
474.2530 0.907098
474.5337 0.908068
474.8144 0.908595
475.0950 0.908559
475.3757 0.908523
475.6563 0.908486
475.9368 0.908449
476.2174 0.908420
476.4979 0.908838
476.7784 0.909489
477.0589 0.910141
477.3394 0.910793
477.6198 0.911445
477.9003 0.912083
478.1807 0.912661
478.4610 0.913236
478.7414 0.913812
479.0217 0.910206
479.3020 0.910614
479.5823 0.911022
479.8626 0.911430
480.1428 0.911837
480.4231 0.912244
480.7033 0.912961
480.9834 0.913707
481.2636 0.914454
481.5437 0.915201
481.8238 0.915949
482.1039 0.916697
482.3840 0.917446
482.6640 0.918196
482.9441 0.918946
483.2241 0.919696
483.5040 0.920446
483.7840 0.920460
484.0639 0.920361
484.3438 0.920269
484.6237 0.920252
484.9036 0.920667
485.1834 0.921081
485.4632 0.921494
485.7430 0.921905
486.0228 0.922315
486.3025 0.922842
486.5823 0.923748
486.8620 0.924653
487.1416 0.925558
487.4213 0.926463
487.7009 0.927367
487.9806 0.928271
488.2601 0.929161
488.5397 0.930050
488.8193 0.930877
489.0988 0.931596
489.3783 0.931947
489.6578 0.931062
489.9372 0.930173
490.2166 0.929285
490.4961 0.928480
490.7754 0.928446
491.0548 0.928410
491.3341 0.928373
491.6135 0.928334
491.8928 0.928311
492.1720 0.928314
492.4513 0.928317
492.7305 0.928318
493.0097 0.921879
493.2889 0.921542
493.5681 0.921205
493.8472 0.920866
494.1263 0.920527
494.4054 0.920187
494.6845 0.919846
494.9635 0.919505
495.2425 0.920497
495.5215 0.922540
495.8005 0.924584
496.0795 0.926630
496.3584 0.926938
496.6373 0.924856
496.9162 0.922772
497.1950 0.920318
497.4739 0.917742
497.7527 0.915166
498.0315 0.906747
498.3103 0.906335
498.5890 0.905924
498.8677 0.905512
499.1464 0.905100
499.4251 0.904688
499.7038 0.904277
499.9824 0.882751
500.2610 0.881942
500.5396 0.881134
500.8182 0.880326
501.0967 0.879518
501.3752 0.878140
501.6537 0.876712
501.9322 0.875285
502.2106 0.873855
502.4891 0.860022
502.7675 0.857273
503.0459 0.854527
503.3242 0.853364
503.6025 0.853429
503.8809 0.853493
504.1591 0.853558
504.4374 0.853623
504.7157 0.853687
504.9939 0.853750
505.2721 0.853802
505.5502 0.852460
505.8284 0.847645
506.1065 0.842827
506.3846 0.838014
506.6627 0.833208
506.9408 0.828410
507.2188 0.823620
507.4968 0.818837
507.7748 0.814062
508.0528 0.811136
508.3307 0.808285
508.6086 0.805439
508.8865 0.802597
509.1644 0.782623
509.4422 0.780582
509.7201 0.778429
509.9979 0.776280
510.2756 0.774134
510.5534 0.771992
510.8311 0.769854
511.1088 0.767718
511.3865 0.765585
511.6642 0.763454
511.9418 0.761327
512.2194 0.759204
512.4970 0.757084
512.7746 0.754966
513.0522 0.752852
513.3297 0.750741
513.6072 0.749072
513.8847 0.749543
514.1621 0.750012
514.4395 0.750478
514.7169 0.750869
514.9943 0.747195
515.2717 0.743529
515.5490 0.739871
515.8263 0.736220
516.1036 0.734240
516.3809 0.732541
516.6581 0.730845
516.9354 0.729150
517.2126 0.727458
517.4897 0.725768
517.7669 0.724079
518.0440 0.722394
518.3211 0.720783
518.5982 0.719236
518.8752 0.717690
519.1523 0.716147
519.4293 0.714604
519.7063 0.713061
519.9832 0.711510
520.2602 0.709962
520.5371 0.708488
520.8140 0.707104
521.0909 0.706034
521.3677 0.705043
521.6445 0.704052
521.9213 0.703062
522.1981 0.702069
522.4748 0.701076
522.7516 0.700083
523.0283 0.699090
523.3050 0.698098
523.5816 0.697107
523.8582 0.696116
524.1349 0.695124
524.4114 0.694131
524.6880 0.693138
524.9645 0.692146
525.2411 0.691305
525.5176 0.690613
525.7940 0.689921
526.0705 0.689229
526.3469 0.688538
526.6233 0.687846
526.8997 0.687155
527.1760 0.686463
527.4523 0.685771
527.7286 0.685079
528.0049 0.684386
528.2812 0.683692
528.5574 0.682998
528.8336 0.682304
529.1098 0.681610
529.3860 0.680915
529.6621 0.680220
529.9382 0.679525
530.2143 0.678878
530.4904 0.678304
530.7664 0.677729
531.0424 0.677154
531.3184 0.676578
531.5944 0.676001
531.8703 0.675425
532.1463 0.674848
532.4222 0.674271
532.6980 0.673693
532.9739 0.673115
533.2497 0.672652
533.5255 0.672555
533.8013 0.672485
534.0771 0.672421
534.3528 0.672351
534.6285 0.672279
534.9042 0.672205
535.1798 0.672130
535.4555 0.672053
535.7311 0.671974
536.0067 0.671893
536.2823 0.671806
536.5578 0.671716
536.8333 0.671625
537.1088 0.671361
537.3843 0.670654
537.6597 0.669946
537.9351 0.669238
538.2105 0.668535
538.4859 0.667834
538.7613 0.667134
539.0366 0.666432
539.3119 0.665731
539.5872 0.665029
539.8624 0.664328
540.1377 0.663851
540.4129 0.665434
540.6881 0.667012
540.9632 0.668583
541.2383 0.670149
541.5135 0.671709
541.7885 0.673263
542.0636 0.674811
542.3386 0.676354
542.6137 0.676823
542.8886 0.676846
543.1636 0.676867
543.4386 0.676886
543.7135 0.676903
543.9884 0.676918
544.2632 0.676931
544.5381 0.676941
544.8129 0.676949
545.0877 0.676955
545.3625 0.677033
545.6372 0.677177
545.9120 0.678152
546.1867 0.679064
546.4613 0.679972
546.7360 0.680877
547.0106 0.681778
547.2852 0.681874
547.5598 0.681876
547.8344 0.681839
548.1089 0.681801
548.3834 0.681760
548.6579 0.681719
548.9323 0.681675
549.2068 0.681630
549.4812 0.681898
549.7556 0.682478
550.0299 0.683054
550.3043 0.683624
550.5786 0.684191
550.8529 0.684753
551.1271 0.685311
551.4014 0.685866
551.6756 0.686417
551.9498 0.686964
552.2240 0.687507
552.4981 0.688047
552.7722 0.688583
553.0463 0.689116
553.3204 0.689644
553.5944 0.690284
553.8685 0.691104
554.1425 0.691922
554.4164 0.692738
554.6904 0.693551
554.9643 0.694361
555.2382 0.692262
555.5121 0.692693
555.7859 0.693123
556.0598 0.693550
556.3336 0.693971
556.6074 0.694391
556.8811 0.694808
557.1548 0.695224
557.4285 0.695637
557.7022 0.696005
557.9759 0.696208
558.2495 0.696374
558.5231 0.696538
558.7967 0.696699
559.0703 0.696859
559.3438 0.697016
559.6173 0.697171
559.8908 0.697324
560.1643 0.697513
560.4377 0.697913
560.7111 0.698311
560.9845 0.698705
561.2579 0.699098
561.5312 0.699500
561.8045 0.699965
562.0778 0.700487
562.3511 0.700498
562.6243 0.700509
562.8975 0.700518
563.1707 0.700526
563.4439 0.700534
563.7170 0.700540
563.9901 0.700545
564.2632 0.700545
564.5363 0.700543
564.8093 0.695020
565.0823 0.695232
565.3553 0.695444
565.6283 0.695654
565.9013 0.695862
566.1742 0.696069
566.4471 0.696274
566.7199 0.696478
566.9928 0.696681
567.2656 0.696882
567.5384 0.697082
567.8112 0.697280
568.0839 0.697476
568.3566 0.697669
568.6293 0.697860
568.9020 0.698050
569.1747 0.698239
569.4473 0.695696
569.7199 0.695657
569.9925 0.695617
570.2650 0.695576
570.5375 0.695534
570.8100 0.695490
571.0825 0.695445
571.3550 0.695400
571.6274 0.695353
571.8998 0.695305
572.1722 0.695256
572.4445 0.695204
572.7168 0.695152
572.9891 0.695098
573.2614 0.695044
573.5337 0.694988
573.8059 0.694729
574.0781 0.694415
574.3503 0.694099
574.6224 0.693783
574.8946 0.693466
575.1667 0.693148
575.4387 0.692822
575.7108 0.692446
575.9828 0.692070
576.2548 0.691688
576.5268 0.691304
576.7987 0.690920
577.0707 0.690536
577.3426 0.690151
577.6145 0.689765
577.8863 0.689379
578.1581 0.688995
578.4299 0.688292
578.7017 0.687519
578.9735 0.686745
579.2452 0.685972
579.5169 0.685200
579.7886 0.684427
580.0602 0.683655
580.3319 0.682883
580.6035 0.682111
580.8750 0.681340
581.1466 0.680568
581.4181 0.679797
581.6896 0.679027
581.9611 0.678257
582.2325 0.677484
582.5040 0.676666
582.7754 0.675733
583.0468 0.674675
583.3181 0.673590
583.5894 0.672505
583.8607 0.671421
584.1320 0.670339
584.4033 0.669259
584.6745 0.668179
584.9457 0.667100
585.2169 0.666022
585.4880 0.664945
585.7591 0.663869
586.0302 0.662793
586.3013 0.661719
586.5724 0.660656
586.8434 0.659900
587.1144 0.659145
587.3854 0.658390
587.6563 0.653731
587.9272 0.652905
588.1981 0.652076
588.4690 0.651245
588.7399 0.650415
589.0107 0.649586
589.2815 0.648757
589.5523 0.647962
589.8230 0.647098
590.0937 0.646014
590.3644 0.644931
590.6351 0.643849
590.9057 0.642648
591.1764 0.641412
591.4469 0.640178
591.7175 0.638945
591.9881 0.637714
592.2586 0.636481
592.5291 0.635250
592.7995 0.634021
593.0700 0.632793
593.3404 0.631566
593.6108 0.630340
593.8812 0.629116
594.1515 0.627893
594.4218 0.622289
594.6921 0.621094
594.9624 0.619901
595.2326 0.618709
595.5028 0.617518
595.7730 0.616328
596.0432 0.615139
596.3133 0.613950
596.5834 0.612763
596.8535 0.611576
597.1236 0.610303
597.3936 0.608722
597.6636 0.607143
597.9336 0.605566
598.2036 0.603992
598.4735 0.602422
598.7434 0.600853
599.0133 0.599497
599.2832 0.600038
599.5530 0.600578
599.8228 0.601116
600.0926 0.601649
600.3623 0.599957
600.6321 0.597764
600.9018 0.595575
601.1714 0.593389
601.4411 0.591206
601.7107 0.589118
601.9803 0.587796
602.2499 0.586483
602.5195 0.585171
602.7890 0.583861
603.0585 0.582552
603.3280 0.581116
603.5974 0.579638
603.8668 0.578163
604.1362 0.576686
604.4056 0.575207
604.6749 0.573730
604.9443 0.572256
605.2136 0.570783
605.4828 0.569312
605.7521 0.567844
606.0213 0.566378
606.2905 0.564912
606.5596 0.563263
606.8288 0.561611
607.0979 0.559962
607.3670 0.558384
607.6360 0.556882
607.9051 0.555381
608.1741 0.553884
608.4431 0.552389
608.7120 0.550897
608.9810 0.549406
609.2499 0.547917
609.5188 0.546430
609.7876 0.544945
610.0564 0.543463
610.3252 0.541984
610.5940 0.540606
610.8628 0.539566
611.1315 0.538528
611.4002 0.537490
611.6689 0.536454
611.9375 0.535419
612.2062 0.534385
612.4748 0.533352
612.7433 0.532320
613.0119 0.531289
613.2804 0.530260
613.5489 0.529232
613.8174 0.528205
614.0858 0.527177
614.3542 0.526146
614.6226 0.525115
614.8910 0.524086
615.1593 0.523058
615.4276 0.522031
615.6959 0.520909
615.9642 0.519749
616.2324 0.518590
616.5006 0.517059
616.7688 0.515393
617.0369 0.513729
617.3051 0.512073
617.5732 0.506034
617.8413 0.504933
618.1093 0.503834
618.3773 0.502737
618.6453 0.501642
618.9133 0.500548
619.1813 0.499455
619.4492 0.498363
619.7171 0.497312
619.9849 0.492814
620.2528 0.491729
620.5206 0.490644
620.7884 0.489561
621.0562 0.488479
621.3239 0.487399
621.5916 0.486319
621.8593 0.485241
622.1270 0.484202
622.3946 0.483324
622.6622 0.482447
622.9298 0.481570
623.1973 0.480695
623.4649 0.479821
623.7324 0.478948
623.9999 0.477966
624.2673 0.476959
624.5347 0.475807
624.8021 0.474541
625.0695 0.473277
625.3369 0.472014
625.6042 0.470754
625.8715 0.469495
626.1387 0.468242
626.4060 0.466994
626.6732 0.465748
626.9404 0.460187
627.2075 0.459106
627.4747 0.458027
627.7418 0.456949
628.0089 0.455872
628.2759 0.454795
628.5430 0.453718
628.8100 0.452644
629.0769 0.451570
629.3439 0.450498
629.6108 0.449182
629.8777 0.447819
630.1446 0.446455
630.4114 0.445090
630.6783 0.443728
630.9451 0.442367
631.2118 0.441009
631.4786 0.440721
631.7453 0.441082
632.0120 0.441440
632.2786 0.441690
632.5453 0.441188
632.8119 0.438913
633.0785 0.436642
633.3450 0.434377
633.6116 0.432117
633.8781 0.430881
634.1445 0.429687
634.4110 0.428494
634.6774 0.427304
634.9438 0.426115
635.2102 0.424928
635.4765 0.423743
635.7428 0.422560
636.0091 0.418269
636.2754 0.417445
636.5416 0.416694
636.8078 0.415944
637.0740 0.415195
637.3402 0.414447
637.6063 0.413699
637.8724 0.412953
638.1385 0.412206
638.4046 0.411353
638.6706 0.410436
638.9366 0.409519
639.2026 0.408603
639.4685 0.407689
639.7344 0.406776
640.0003 0.405864
640.2662 0.404952
640.5320 0.404041
640.7978 0.403132
641.0636 0.402337
641.3294 0.401661
641.5951 0.400985
641.8608 0.400310
642.1265 0.399635
642.3922 0.398962
642.6578 0.398288
642.9234 0.397616
643.1890 0.396943
643.4545 0.396272
643.7200 0.395601
643.9855 0.394931
644.2510 0.393672
644.5164 0.392413
644.7818 0.391322
645.0472 0.390232
645.3126 0.389478
645.5779 0.389001
645.8432 0.388524
646.1085 0.388048
646.3737 0.387575
646.6390 0.387102
646.9042 0.386629
647.1693 0.386157
647.4345 0.385685
647.6996 0.385213
647.9647 0.384742
648.2298 0.384268
648.4948 0.383794
648.7598 0.383397
649.0248 0.383036
649.2897 0.382675
649.5547 0.382314
649.8196 0.381966
650.0845 0.381693
650.3493 0.381420
650.6141 0.381147
650.8789 0.380875
651.1437 0.380602
651.4084 0.380330
651.6731 0.380058
651.9378 0.379786
652.2025 0.379516
652.4671 0.379246
652.7317 0.379000
652.9963 0.379065
653.2609 0.379129
653.5254 0.379193
653.7899 0.379257
654.0544 0.379320
654.3188 0.379379
654.5832 0.377728
654.8476 0.377948
655.1120 0.378168
655.3763 0.378388
655.6406 0.378608
655.9049 0.378828
656.1692 0.379048
656.4334 0.379269
656.6976 0.379490
656.9618 0.379711
657.2259 0.379932
657.4900 0.380153
657.7541 0.380374
658.0182 0.380594
658.2822 0.380816
658.5462 0.381037
658.8102 0.381258
659.0742 0.381461
659.3381 0.381591
659.6020 0.381720
659.8659 0.381850
660.1297 0.381979
660.3936 0.382108
660.6574 0.382236
660.9211 0.382365
661.1849 0.382578
661.4486 0.382816
661.7123 0.383054
661.9759 0.383291
662.2396 0.383530
662.5032 0.383767
662.7667 0.384005
663.0303 0.384243
663.2938 0.384480
663.5573 0.384718
663.8208 0.385016
664.0842 0.385340
664.3476 0.385659
664.6110 0.385978
664.8744 0.386297
665.1377 0.386616
665.4010 0.386935
665.6643 0.387255
665.9275 0.387573
666.1907 0.387895
666.4539 0.388217
666.7171 0.388540
666.9802 0.388862
667.2434 0.389184
667.5064 0.389507
667.7695 0.389829
668.0325 0.390151
668.2955 0.390472
668.5585 0.390793
668.8215 0.391114
669.0844 0.391434
669.3473 0.391715
669.6101 0.391926
669.8730 0.392138
670.1358 0.392348
670.3986 0.392555
670.6613 0.392761
670.9241 0.392968
671.1868 0.393175
671.4494 0.393382
671.7121 0.393589
671.9747 0.393796
672.2373 0.394006
672.4999 0.394216
672.7624 0.394426
673.0249 0.394647
673.2874 0.394866
673.5498 0.395085
673.8123 0.395303
674.0747 0.395522
674.3370 0.395739
674.5994 0.395957
674.8617 0.396174
675.1240 0.396391
675.3862 0.396608
675.6485 0.396826
675.9107 0.397043
676.1729 0.397259
676.4350 0.397476
676.6971 0.397693
676.9592 0.397909
677.2213 0.398125
677.4833 0.398342
677.7453 0.398464
678.0073 0.398572
678.2693 0.398679
678.5312 0.398786
678.7931 0.398894
679.0550 0.399001
679.3168 0.399108
679.5786 0.399215
679.8404 0.399322
680.1022 0.399428
680.3639 0.399530
680.6256 0.399633
680.8873 0.399735
681.1490 0.399837
681.4106 0.399940
681.6722 0.400050
681.9338 0.400261
682.1953 0.400473
682.4568 0.400685
682.7183 0.400897
682.9798 0.401109
683.2412 0.401322
683.5026 0.401534
683.7640 0.401746
684.0253 0.401957
684.2866 0.402166
684.5479 0.402374
684.8092 0.402583
685.0704 0.402791
685.3316 0.402999
685.5928 0.403207
685.8540 0.403388
686.1151 0.403489
686.3762 0.403592
686.6372 0.403694
686.8983 0.403796
687.1593 0.403902
687.4203 0.404008
687.6812 0.404114
687.9422 0.404220
688.2031 0.404322
688.4639 0.404424
688.7248 0.404526
688.9856 0.404628
689.2464 0.404730
689.5072 0.404831
689.7679 0.404933
690.0286 0.405035
690.2893 0.405138
690.5499 0.405241
690.8105 0.405344
691.0711 0.405447
691.3317 0.405550
691.5922 0.405711
691.8527 0.405874
692.1132 0.406037
692.3737 0.406199
692.6341 0.406362
692.8945 0.406524
693.1549 0.406686
693.4152 0.406848
693.6755 0.407010
693.9358 0.407172
694.1960 0.407218
694.4563 0.407162
694.7165 0.407106
694.9766 0.407050
695.2368 0.406994
695.4969 0.406938
695.7570 0.406882
696.0171 0.406801
696.2771 0.406621
696.5371 0.406440
696.7971 0.406260
697.0570 0.406080
697.3169 0.405900
697.5768 0.405720
697.8367 0.405540
698.0965 0.405361
698.3563 0.405045
698.6161 0.404650
698.8758 0.404256
699.1356 0.403862
699.3953 0.403468
699.6549 0.403075
699.9146 0.402681
700.1742 0.402287
700.4337 0.401892
700.6933 0.401472
700.9528 0.401019
701.2123 0.400566
701.4718 0.400113
701.7312 0.399660
701.9906 0.399208
702.2500 0.398758
702.5094 0.398156
702.7687 0.397493
703.0280 0.396829
703.2872 0.396166
703.5465 0.395504
703.8057 0.394842
704.0649 0.394179
704.3240 0.393513
704.5832 0.392848
704.8423 0.392183
705.1013 0.391518
705.3604 0.390854
705.6194 0.390190
705.8784 0.389527
706.1373 0.388865
706.3962 0.388203
706.6551 0.387462
706.9140 0.386695
707.1729 0.385929
707.4317 0.385163
707.6905 0.384397
707.9492 0.383632
708.2079 0.382866
708.4666 0.382100
708.7253 0.381334
708.9840 0.380569
709.2426 0.379805
709.5012 0.379041
709.7597 0.378277
710.0182 0.377515
710.2767 0.376752
710.5352 0.375990
710.7937 0.374984
711.0521 0.373907
711.3105 0.372829
711.5688 0.371753
711.8271 0.370678
712.0854 0.369602
712.3437 0.368526
712.6019 0.367451
712.8602 0.366376
713.1183 0.365302
713.3765 0.364248
713.6346 0.363365
713.8927 0.362483
714.1508 0.361601
714.4088 0.360720
714.6669 0.359840
714.9248 0.358946
715.1828 0.358045
715.4407 0.357145
715.6986 0.356245
715.9565 0.355346
716.2143 0.354447
716.4721 0.353547
716.7299 0.352649
716.9877 0.351751
717.2454 0.350854
717.5031 0.349957
717.7608 0.349062
718.0184 0.348167
718.2760 0.347274
718.5336 0.346382
718.7912 0.345490
719.0487 0.344600
719.3062 0.343508
719.5637 0.342417
719.8211 0.341326
720.0785 0.340237
720.3359 0.339194
720.5932 0.338231
720.8506 0.337270
721.1079 0.336310
721.3651 0.335354
721.6224 0.334522
721.8796 0.333691
722.1367 0.332859
722.3939 0.332027
722.6510 0.331196
722.9081 0.330366
723.1652 0.329537
723.4222 0.328709
723.6792 0.327882
723.9362 0.327056
724.1931 0.326229
724.4501 0.325431
724.7069 0.324707
724.9638 0.323984
725.2206 0.323262
725.4774 0.322541
725.7342 0.321820
725.9910 0.321089
726.2477 0.320135
726.5044 0.319182
726.7610 0.318231
727.0177 0.317282
727.2743 0.316334
727.5308 0.315389
727.7874 0.314445
728.0439 0.313503
728.3004 0.312562
728.5568 0.311641
728.8132 0.310955
729.0696 0.310396
729.3260 0.309838
729.5823 0.309280
729.8387 0.308723
730.0949 0.308165
730.3512 0.307607
730.6074 0.307049
730.8636 0.306492
731.1198 0.305935
731.3759 0.305379
731.6320 0.304823
731.8881 0.304268
732.1441 0.303713
732.4001 0.303159
732.6561 0.302610
732.9121 0.299675
733.1680 0.299262
733.4239 0.298849
733.6798 0.298437
733.9356 0.298025
734.1915 0.297612
734.4472 0.297197
734.7030 0.296784
734.9587 0.296370
735.2144 0.295957
735.4701 0.295544
735.7257 0.295132
735.9813 0.294720
736.2369 0.294307
736.4925 0.293895
736.7480 0.293483
737.0035 0.292985
737.2589 0.292476
737.5144 0.291968
737.7698 0.288909
738.0252 0.288272
738.2805 0.287632
738.5358 0.286993
738.7911 0.286355
739.0464 0.285718
739.3016 0.285081
739.5568 0.284446
739.8120 0.283811
740.0671 0.283137
740.3222 0.282460
740.5773 0.281784
740.8323 0.281109
741.0874 0.280566
741.3424 0.280083
741.5973 0.279601
741.8523 0.279119
742.1072 0.278636
742.3620 0.278077
742.6169 0.277507
742.8717 0.276928
743.1265 0.276350
743.3812 0.275772
743.6360 0.275195
743.8907 0.274619
744.1453 0.274045
744.4000 0.273473
744.6546 0.272971
744.9092 0.272486
745.1637 0.271960
745.4182 0.271383
745.6727 0.270808
745.9272 0.270233
746.1816 0.269658
746.4360 0.269084
746.6904 0.268510
746.9448 0.267876
747.1991 0.267219
747.4534 0.266564
747.7076 0.265909
747.9618 0.265256
748.2160 0.264602
748.4702 0.263948
748.7243 0.263296
748.9784 0.262644
749.2325 0.261967
749.4866 0.261276
749.7406 0.260586
749.9946 0.259897
750.2485 0.259210
750.5025 0.258524
750.7564 0.257839
751.0102 0.257155
751.2641 0.256472
751.5179 0.255791
751.7717 0.255111
752.0254 0.254432
752.2791 0.253754
752.5328 0.253077
752.7865 0.252401
753.0401 0.251727
